0.19327731092436976
0.23979591836734693 0.23979591836734693
0.19327731092436976
0.2423469387755102 0.1951530612244898
0.19327731092436976
0.1913265306122449 0.288265306122449
0.18494897959183673 0.1951530612244898
0.15433673469387754 0.21556122448979592
0.06887755102040816 0.2002551020408163
0.0778061224489796 0.24744897959183673
0.25255102040816324 0.26913265306122447
0.15051020408163265 0.25637755102040816
0.22193877551020408 0.14285714285714285
0.18877551020408162 0.18239795918367346
0.2066326530612245 0.25
0.34311224489795916 0.08801020408163265
0.23469387755102042 0.13520408163265307
0.2002551020408163 0.14158163265306123
0.23596938775510204 0.16709183673469388
0.2602040816326531 0.21045918367346939
0.11096938775510204 0.19005102040816327
0.21173469387755103 0.21045918367346939
0.15306122448979592 0.23979591836734693
0.22193877551020408 0.3201530612244898
0.28188775510204084 0.22321428571428573
0.16326530612244897 0.2512755102040816
0.14285714285714285 0.17346938775510204
0.2895408163265306 0.16198979591836735
0.11862244897959184 0.12372448979591837
